EESchema-LIBRARY Version 2.3
#
# LOGO
# pixmap size w = 200, h = 186
#
DEF LOGO G 0 40 Y Y 1 F N
F0 "#G" 0 -280 60 H I C CNN
F1 "LOGO" 0 280 60 H I C CNN
DRAW
P 291 0 0 1 333 310 233 310 233 -52 230 -84 229 -87 229 -178 229 -190 228 -198 222 -223 209 -244 191 -262 168 -277 151 -283 124 -288 94 -287 63 -281 32 -271 0 -256 -31 -238 -61 -215 -89 -188 -114 -159 -121 -149 -143 -113 -159 -78 -168 -43 -172 -8 -172 3 -171 15 -169 24 -166 34 -160 45 -159 47 -146 68 -130 83 -110 95 -109 96 -100 99 -90 101 -78 102 -60 102 -42 102 -19 99 1 94 22 87 28 84 35 79 37 75 34 72 26 73 23 73 13 75 0 75 -15 75 -23 75 -36 75 -45 73 -52 71 -59 66 -61 65 -74 54 -82 40 -87 23 -88 0 -88 -11 -84 -37 -76 -62 -64 -89 -46 -118 -37 -130 -15 -155 10 -178 38 -199 66 -216 95 -228 123 -237 149 -240 152 -239 172 -236 190 -229 205 -218 216 -205 222 -190 224 -182 226 -174 228 -173 229 -178 229 -87 221 -114 206 -142 190 -163 171 -179 147 -192 124 -198 98 -199 73 -195 48 -185 24 -171 2 -152 -18 -131 -35 -106 -48 -78 -58 -49 -63 -17 -63 -4 -63 8 -61 16 -59 18 -57 16 -54 7 -42 -32 -25 -65 -5 -94 18 -118 45 -137 76 -150 88 -153 115 -156 139 -153 162 -143 182 -128 192 -117 202 -101 209 -83 213 -62 214 -36 214 -33 214 -16 212 -2 210 10 205 24 202 33 198 44 196 50 196 54 197 55 199 56 202 55 207 48 213 36 221 16 230 -18 233 -52 233 310 192 310 192 -9 189 -36 180 -62 169 -82 153 -101 134 -115 110 -124 102 -126 94 -129 89 -129 86 -127 83 -124 81 -120 82 -117 88 -112 90 -110 105 -99 116 -90 124 -83 130 -76 136 -68 139 -63 150 -38 156 -10 156 19 150 49 140 78 140 24 140 15 134 23 130 28 123 38 117 49 109 60 87 86 60 109 30 127 -1 141 -5 142 -16 145 -28 146 -42 147 -60 147 -75 146 -88 145 -97 143 -107 140 -118 135 -128 129 -154 111 -175 89 -191 62 -203 31 -210 -5 -212 -33 -209 -65 -202 -98 -191 -130 -176 -160 -159 -186 -140 -208 -136 -212 -130 -219 -129 -223 -133 -223 -141 -220 -153 -213 -180 -191 -204 -164 -224 -133 -239 -99 -250 -64 -256 -27 -256 9 -250 44 -240 74 -225 105 -205 132 -182 154 -155 171 -126 183 -107 186 -84 187 -60 187 -37 184 -18 180 -10 178 26 162 58 141 87 115 97 104 110 86 122 68 131 50 138 35 140 24 140 78 139 80 123 111 102 141 76 170 69 177 44 199 17 217 -13 234 -22 239 -43 248 -62 255 -81 259 -102 261 -128 263 -133 263 -149 264 -162 265 -170 266 -173 268 -173 269 -167 273 -157 276 -143 277 -126 278 -108 279 -89 278 -72 276 -57 273 -38 267 4 250 43 227 79 200 112 168 140 134 162 96 167 87 181 52 190 21 192 -9 192 310 0 310 -333 310 -333 0 -333 -310 0 -310 333 -310 333 0 333 310 333 310 F
ENDDRAW
ENDDEF
